39.8635  49.5000  53.5932  55.8330  57.2401  58.2044  58.9060  59.4390  59.8576  60.1950
 8.5263   9.0000   9.1618   9.2434   9.2926   9.3255   9.3491   9.3668   9.3805   9.3916
 5.5383   5.4624   5.3908   5.3426   5.3092   5.2847   5.2662   5.2517   5.2400   5.2304
 4.5448   4.3246   4.1909   4.1072   4.0506   4.0097   3.9790   3.9549   3.9357   3.9199
 4.0604   3.7797   3.6195   3.5202   3.4530   3.4045   3.3679   3.3393   3.3163   3.2974
 3.7759   3.4633   3.2888   3.1808   3.1075   3.0546   3.0145   2.9830   2.9577   2.9369
 3.5894   3.2574   3.0741   2.9605   2.8833   2.8274   2.7849   2.7516   2.7247   2.7025
 3.4579   3.1131   2.9238   2.8064   2.7264   2.6683   2.6241   2.5893   2.5612   2.5380
 3.3603   3.0065   2.8129   2.6927   2.6106   2.5509   2.5053   2.4694   2.4403   2.4163
 3.2850   2.9245   2.7277   2.6053   2.5216   2.4606   2.4140   2.3772   2.3473   2.3226
 3.2252   2.8595   2.6602   2.5362   2.4512   2.3891   2.3416   2.3040   2.2735   2.2482
 3.1765   2.8068   2.6055   2.4801   2.3940   2.3310   2.2828   2.2446   2.2135   2.1878
 3.1362   2.7632   2.5603   2.4337   2.3467   2.2830   2.2341   2.1953   2.1638   2.1376
 3.1022   2.7265   2.5222   2.3947   2.3069   2.2426   2.1931   2.1539   2.1220   2.0954
 3.0732   2.6952   2.4898   2.3614   2.2730   2.2081   2.1582   2.1185   2.0862   2.0593
 3.0481   2.6682   2.4618   2.3327   2.2438   2.1783   2.1280   2.0880   2.0553   2.0281
 3.0262   2.6446   2.4374   2.3077   2.2183   2.1524   2.1017   2.0613   2.0284   2.0009
 3.0070   2.6239   2.4160   2.2858   2.1958   2.1296   2.0785   2.0379   2.0047   1.9770
 2.9899   2.6056   2.3970   2.2663   2.1760   2.1094   2.0580   2.0171   1.9836   1.9557
 2.9747   2.5893   2.3801   2.2489   2.1582   2.0913   2.0397   1.9985   1.9649   1.9367
 2.9610   2.5746   2.3649   2.2333   2.1423   2.0751   2.0233   1.9819   1.9480   1.9197
 2.9486   2.5613   2.3512   2.2193   2.1279   2.0605   2.0084   1.9668   1.9327   1.9043
 2.9374   2.5493   2.3387   2.2065   2.1149   2.0472   1.9949   1.9531   1.9189   1.8903
 2.9271   2.5383   2.3274   2.1949   2.1030   2.0351   1.9826   1.9407   1.9063   1.8775
 2.9177   2.5283   2.3170   2.1842   2.0922   2.0241   1.9714   1.9292   1.8947   1.8658
 2.9091   2.5191   2.3075   2.1745   2.0822   2.0139   1.9610   1.9188   1.8841   1.8550
 2.9012   2.5106   2.2987   2.1655   2.0730   2.0045   1.9515   1.9091   1.8743   1.8451
 2.8938   2.5028   2.2906   2.1571   2.0645   1.9959   1.9427   1.9001   1.8652   1.8359
 2.8870   2.4955   2.2831   2.1494   2.0566   1.9878   1.9345   1.8918   1.8568   1.8274
 2.8807   2.4887   2.2761   2.1422   2.0492   1.9803   1.9269   1.8841   1.8490   1.8195
 2.8748   2.4824   2.2695   2.1355   2.0424   1.9734   1.9198   1.8769   1.8417   1.8121
 2.8693   2.4765   2.2635   2.1293   2.0360   1.9668   1.9132   1.8702   1.8348   1.8052
 2.8641   2.4710   2.2577   2.1234   2.0300   1.9607   1.9070   1.8639   1.8284   1.7987
 2.8592   2.4658   2.2524   2.1179   2.0244   1.9550   1.9012   1.8580   1.8224   1.7926
 2.8547   2.4609   2.2474   2.1128   2.0191   1.9496   1.8957   1.8524   1.8168   1.7869
 2.8503   2.4563   2.2426   2.1079   2.0141   1.9446   1.8905   1.8471   1.8115   1.7815
 2.8463   2.4520   2.2381   2.1033   2.0094   1.9398   1.8856   1.8422   1.8064   1.7764
 2.8424   2.4479   2.2339   2.0990   2.0050   1.9352   1.8810   1.8375   1.8017   1.7716
 2.8388   2.4440   2.2299   2.0948   2.0008   1.9309   1.8767   1.8331   1.7972   1.7670
 2.8354   2.4404   2.2261   2.0909   1.9968   1.9269   1.8725   1.8289   1.7929   1.7627
 2.8321   2.4369   2.2225   2.0872   1.9930   1.9230   1.8686   1.8249   1.7888   1.7586
 2.8290   2.4336   2.2191   2.0837   1.9894   1.9193   1.8649   1.8211   1.7850   1.7547
 2.8260   2.4304   2.2158   2.0804   1.9860   1.9159   1.8613   1.8175   1.7813   1.7509
 2.8232   2.4274   2.2127   2.0772   1.9828   1.9125   1.8579   1.8140   1.7778   1.7474
 2.8205   2.4245   2.2097   2.0742   1.9796   1.9094   1.8547   1.8107   1.7745   1.7440
 2.8179   2.4218   2.2069   2.0712   1.9767   1.9063   1.8516   1.8076   1.7713   1.7408
 2.8154   2.4192   2.2042   2.0685   1.9738   1.9034   1.8486   1.8046   1.7682   1.7377
 2.8131   2.4167   2.2016   2.0658   1.9711   1.9006   1.8458   1.8017   1.7653   1.7347
 2.8108   2.4143   2.1991   2.0633   1.9685   1.8980   1.8431   1.7989   1.7625   1.7319
 2.8087   2.4120   2.1967   2.0608   1.9660   1.8954   1.8405   1.7963   1.7598   1.7291
 2.8066   2.4097   2.1944   2.0585   1.9636   1.8930   1.8380   1.7938   1.7573   1.7265
 2.8046   2.4076   2.1923   2.0562   1.9613   1.8906   1.8356   1.7913   1.7548   1.7240
 2.8027   2.4056   2.1901   2.0541   1.9591   1.8884   1.8333   1.7890   1.7524   1.7216
 2.8008   2.4036   2.1881   2.0520   1.9570   1.8862   1.8311   1.7867   1.7501   1.7193
 2.7990   2.4017   2.1862   2.0500   1.9549   1.8841   1.8290   1.7846   1.7479   1.7171
 2.7973   2.3999   2.1843   2.0480   1.9529   1.8821   1.8269   1.7825   1.7458   1.7149
 2.7957   2.3982   2.1825   2.0462   1.9510   1.8802   1.8249   1.7805   1.7437   1.7128
 2.7941   2.3965   2.1807   2.0444   1.9492   1.8783   1.8230   1.7785   1.7418   1.7108
 2.7926   2.3948   2.1790   2.0427   1.9474   1.8765   1.8212   1.7766   1.7399   1.7089
 2.7911   2.3933   2.1774   2.0410   1.9457   1.8747   1.8194   1.7748   1.7380   1.7070
 2.7896   2.3917   2.1758   2.0394   1.9441   1.8730   1.8177   1.7731   1.7362   1.7052
 2.7882   2.3903   2.1743   2.0378   1.9425   1.8714   1.8160   1.7714   1.7345   1.7035
 2.7869   2.3888   2.1728   2.0363   1.9409   1.8698   1.8144   1.7697   1.7329   1.7018
 2.7856   2.3875   2.1714   2.0348   1.9394   1.8683   1.8128   1.7682   1.7312   1.7001
 2.7843   2.3861   2.1700   2.0334   1.9380   1.8668   1.8113   1.7666   1.7297   1.6985
 2.7831   2.3848   2.1687   2.0320   1.9366   1.8654   1.8099   1.7651   1.7282   1.6970
 2.7819   2.3836   2.1674   2.0307   1.9352   1.8640   1.8084   1.7637   1.7267   1.6955
 2.7808   2.3823   2.1661   2.0294   1.9339   1.8626   1.8071   1.7623   1.7253   1.6941
 2.7797   2.3812   2.1649   2.0282   1.9326   1.8613   1.8057   1.7609   1.7239   1.6927
 2.7786   2.3800   2.1637   2.0269   1.9313   1.8600   1.8044   1.7596   1.7225   1.6913
 2.7776   2.3789   2.1626   2.0258   1.9301   1.8588   1.8032   1.7583   1.7212   1.6900
 2.7765   2.3778   2.1615   2.0246   1.9290   1.8576   1.8020   1.7571   1.7200   1.6887
 2.7755   2.3768   2.1604   2.0235   1.9278   1.8564   1.8008   1.7559   1.7187   1.6874
 2.7746   2.3757   2.1593   2.0224   1.9267   1.8553   1.7996   1.7547   1.7175   1.6862
 2.7736   2.3747   2.1583   2.0214   1.9256   1.8542   1.7985   1.7535   1.7164   1.6850
 2.7727   2.3738   2.1573   2.0203   1.9246   1.8531   1.7974   1.7524   1.7152   1.6839
 2.7718   2.3728   2.1563   2.0193   1.9236   1.8521   1.7963   1.7513   1.7141   1.6828
 2.7710   2.3719   2.1554   2.0184   1.9226   1.8511   1.7953   1.7503   1.7131   1.6817
 2.7701   2.3710   2.1544   2.0174   1.9216   1.8501   1.7943   1.7493   1.7120   1.6806
 2.7693   2.3701   2.1535   2.0165   1.9206   1.8491   1.7933   1.7483   1.7110   1.6796
 2.7685   2.3693   2.1527   2.0156   1.9197   1.8482   1.7923   1.7473   1.7100   1.6786
 2.7677   2.3685   2.1518   2.0147   1.9188   1.8473   1.7914   1.7463   1.7090   1.6776
 2.7670   2.3677   2.1510   2.0138   1.9179   1.8464   1.7905   1.7454   1.7081   1.6766
 2.7662   2.3669   2.1502   2.0130   1.9171   1.8455   1.7896   1.7445   1.7072   1.6757
 2.7655   2.3661   2.1494   2.0122   1.9162   1.8446   1.7887   1.7436   1.7063   1.6748
 2.7648   2.3654   2.1486   2.0114   1.9154   1.8438   1.7879   1.7427   1.7054   1.6739
 2.7641   2.3646   2.1478   2.0106   1.9146   1.8430   1.7870   1.7419   1.7045   1.6730
 2.7634   2.3639   2.1471   2.0099   1.9139   1.8422   1.7862   1.7411   1.7037   1.6721
 2.7628   2.3632   2.1464   2.0091   1.9131   1.8414   1.7854   1.7402   1.7029   1.6713
 2.7621   2.3625   2.1457   2.0084   1.9123   1.8406   1.7846   1.7395   1.7021   1.6705
 2.7615   2.3618   2.1450   2.0077   1.9116   1.8399   1.7839   1.7387   1.7013   1.6697
 2.7609   2.3612   2.1443   2.0070   1.9109   1.8392   1.7832   1.7379   1.7005   1.6689
 2.7603   2.3605   2.1436   2.0063   1.9102   1.8385   1.7824   1.7372   1.6997   1.6681
 2.7597   2.3599   2.1430   2.0056   1.9095   1.8378   1.7817   1.7365   1.6990   1.6674
 2.7591   2.3593   2.1424   2.0050   1.9089   1.8371   1.7810   1.7358   1.6983   1.6667
 2.7585   2.3587   2.1417   2.0044   1.9082   1.8364   1.7803   1.7351   1.6976   1.6659
 2.7580   2.3581   2.1411   2.0037   1.9076   1.8358   1.7797   1.7344   1.6969   1.6652
 2.7574   2.3575   2.1405   2.0031   1.9070   1.8351   1.7790   1.7337   1.6962   1.6646
 2.7569   2.3570   2.1399   2.0025   1.9063   1.8345   1.7784   1.7331   1.6956   1.6639
 2.7564   2.3564   2.1394   2.0019   1.9057   1.8339   1.7778   1.7324   1.6949   1.6632