23  86
25  79
19  78
20  72
29  87
20  78
18  76
27  82
28  82
29  86
25  80
28  84
22  75
24  81
24  84
21  80
21  78
23  79
19  74
23  77
25  78
28  84
23  80
28  81
20  82
29  85
27  84
21  77
23  80
18  74
21  78
25  78
20  75
29  82
21  79
20  75
29  82
22  76
22  76
19  79
18  76
20  74
27  79
25  87
27  83
19  80
20  78
27  78
22  78
29  86
28  85
22  76
29  83
29  83
20  73
24  87
24  86
29  79
20  73
24  78
27  84
22  77
19  77
18  71
21  81
27  83
19  73
27  85
27  83
26  80
29  89
26  85
27  81
25  80
27  83
26  83
25  83
28  82
19  77
26  75
26  86
26  79
20  81